5.873980025026807050e-01 1.224010802124232472e-03 -3.888614447147932269e-03 -2.679221531669053511e-06 1.051268717688462473e-01 -2.659701318132576264e-01 7.920045772714523133e-03 3.831692175639870391e-05 -1.905481645664621956e-02 4.728958879706776641e-02 2.213065127441488523e-03 1.209677540580899650e-05 1.040998057569730677e-02 -6.558362350819080255e-02 -5.405062269729340833e-03 -3.039522268738634929e-05 3.500755796344056509e-02 -4.614695802227878479e-02 -8.000631689247335657e-03 -2.036800736536640611e-05 -1.239609129809718380e-02 4.454642881302489643e-02 -1.340088010574590205e-02 3.547936332045520001e-05 -7.712344000077431434e-03 -1.687683600658930081e-03 -1.392696222195343586e-02 -3.034286958590232445e-05 -5.927001406635044531e-03 1.641739030385491044e-02 -2.013002911723928492e-02 1.236881625248674339e-05 -5.301179126074515024e-03 5.761831371130206672e-03 -2.539472606904122961e-03 4.264905520823589593e-05 -1.239087054054518284e-03 -9.225432464026195063e-04 -2.608437817489305324e-03 3.719058863198920837e-05 -5.672407347556874960e-04 1.907356126028439663e-03 9.095550416446527479e-05 -3.066125867970564321e-05 -7.388807375467684561e-03 1.306044009001935437e-02 -4.688598508030266711e-03 -4.249523417920592953e-06 7.258236521957904357e-03 -1.039823216232030507e-02 -1.112809021955251396e-03 -1.313942229467984761e-07 -1.132806341900447714e-03 1.603215428923754652e-03 -5.150314182702950906e-05 -8.070409502796030984e-07 2.353793381607358903e-01 2.450032091476119223e-01 2.450035395728894505e-01 -2.582763564499056946e-02 -6.006045211438146292e-03 1.078611241153732770e-03 1.082574594302034227e-03 1.830818134147896032e-04 -1.683596972523976700e-04 -1.644940576442965364e-04
1.224010802124232472e-03 5.784218455772740519e-01 1.187636693168709137e-02 2.434424732467329371e-05 3.191931595036716085e-01 -5.047842416142591659e-01 1.085144125039865480e-02 5.276107316425790125e-05 -3.923311895783204023e-02 6.879197846822127094e-02 5.291251035256412660e-02 3.841693313641772413e-05 1.797277727075088580e-02 -1.014909511617438365e-01 -1.754302377779973221e-02 -5.243127353434684528e-05 6.840428160775537114e-02 -6.890339743524981353e-02 -7.227906282504263126e-03 -3.124445484926531574e-05 -3.585737064496968829e-02 6.913321536965993941e-02 -3.714522598190959229e-02 5.442457289735818743e-05 -1.230986673163670525e-02 -2.213346859738830625e-03 -9.444180634825802972e-03 -8.580086301829151644e-06 7.132811605117241223e-03 -1.602063557548605733e-03 2.376468207707705532e-02 4.377241964331543821e-05 -1.632987505575073583e-03 3.601677698340517535e-03 -3.146267195805075179e-03 1.951934430501855651e-06 -2.637053305688393749e-03 1.439217336808944897e-03 -1.073759259530940226e-03 1.479579883874083290e-05 -6.431631952452454082e-04 7.838065272628028188e-04 -2.235586991134532863e-03 -9.840688546874209393e-06 -1.783423647268255266e-02 2.272752675185296667e-02 -1.323354113590497275e-02 1.708165886617418549e-05 1.198648260309619247e-02 -1.581506226990856204e-02 -2.706131990366321578e-03 -4.261993623685338245e-07 1.456442686886243480e-03 -1.492724332486280222e-03 1.571874304935774345e-03 -8.356270297235622623e-06 -1.734169083006407153e-01 -1.949153105251742457e-01 -1.949270655774002770e-01 -1.331669114430832947e-02 -1.037790572782365008e-02 1.856059993440582799e-03 1.870649863771330123e-03 5.228858455735254296e-04 -1.135160981597994802e-03 -1.134133831706253407e-03
-3.888614447147932269e-03 1.187636693168709137e-02 6.715130134026199293e-01 -6.382580238689256317e-06 -4.918305935131590638e-03 5.931356718300096961e-03 2.538520212093974340e-02 -2.782798716968096254e-06 -5.451074124253953851e-02 3.445062745914977825e-02 9.006016225856275891e-04 1.461423772516544939e-05 1.011933478258037963e-02 -1.079805121852544375e-02 1.263442322857029863e-02 5.089601166466631445e-07 -9.133371956820129575e-03 2.158547496166300563e-03 2.688063512779641749e-03 -6.606216996778626341e-06 3.677212067542851709e-02 -2.811692321814191278e-02 2.203227571193972986e-02 -2.436824015902439581e-05 1.373016956086606276e-03 -4.048203407671852223e-03 9.959758798410364711e-03 5.833150042413218065e-05 8.174514692990939718e-03 -5.633169097970575599e-03 1.219991040684399730e-02 -5.643226843779123449e-06 4.587899911230820284e-03 -1.572116690192539761e-03 -2.139694303308378016e-04 -3.386831561097344021e-05 -8.988717027477242504e-04 1.742431718184207974e-04 -2.220201453406036121e-04 -2.109119518999105056e-05 2.951808718594345045e-04 -3.727963207857933276e-04 9.368703752987553096e-04 1.384871053812604271e-05 7.394860864401410321e-03 -3.594425810014245399e-03 4.579402391520519776e-03 1.744925286555521100e-05 -1.526121970958230125e-03 2.007138252471257767e-03 1.518519613260019881e-03 -1.380824425112807805e-06 1.655260777473461321e-06 -1.597847909346857692e-03 -8.770028692385904929e-04 6.947330557956438425e-06 5.777517837931909206e-01 -2.799224733711840329e-01 -2.792665701723698879e-01 -1.877117511363587607e-02 9.240174515745434511e-04 -2.957671555719238355e-04 -2.903408922574080291e-04 -4.962823014556368368e-04 -9.787873191408832409e-05 -1.045809129167331265e-04
-2.679221531669053511e-06 2.434424732467329371e-05 -6.382580238689256317e-06 6.735778050823095775e-01 -5.707386003718803940e-06 2.454197703447531947e-06 -3.549167724307678854e-06 6.462503490716256516e-02 -2.194176280477909825e-05 1.449044876049568628e-05 2.223635502342849728e-05 -6.508544536411070558e-02 4.675357700157818788e-06 -1.034366527426511939e-05 9.674001735678298568e-07 1.950617972684867696e-02 5.735692433036709523e-06 -1.605920035609090266e-06 2.027084952408017922e-07 9.067175708666027137e-03 -1.995205415663002489e-05 1.546361217265698179e-05 -2.922542185404020741e-05 -6.153811487444504902e-02 -1.925876938787289474e-05 4.308819918684587551e-05 -5.402362556099456675e-05 -1.895475847429154218e-02 -1.477627088104036199e-05 -1.063917471766439931e-05 -8.720295273947749689e-06 1.923449251160538800e-03 3.161837680426310589e-05 -2.917936832579286929e-05 1.028568822690917203e-04 1.666501975203651606e-02 -1.177557355711312471e-05 1.141410096699113360e-05 3.741196236500411151e-06 -1.013962186092780488e-03 4.589073295890043625e-06 -2.497192781284898559e-05 -3.677845250260603023e-06 -1.430477707365534513e-03 -8.756381569687003949e-06 9.525906928791916161e-07 5.052988414219583395e-07 -1.149449900915306419e-03 3.470265222156949161e-06 -1.748561278107653876e-06 -7.390034942936706724e-07 -7.392973872284630326e-04 9.500525688173396896e-07 -2.970268052930731564e-06 5.400808159375541882e-07 -2.970373711456170563e-04 3.746853251994573504e-04 4.841712890243549672e-01 -4.845383854934841583e-01 -1.810957872730347478e-05 -1.367682641753320054e-06 7.379615166099458799e-04 -7.388218111958364887e-04 -6.827140453847141714e-06 -2.919495884147003690e-03 2.926211075147062794e-03
1.051268717688462473e-01 3.191931595036716085e-01 -4.918305935131590638e-03 -5.707386003718803940e-06 8.058607634354186811e-01 -6.325750944212338300e-02 4.366459344569273426e-02 -2.898395034086611254e-04 1.188648856194418624e-01 -1.929421758692871081e-01 -2.142859933930414684e-01 -1.835112550388095956e-04 6.988839147924393036e-02 1.443846349175923194e-01 1.379780346866839313e-01 2.007871956040497630e-04 -6.666905326301592050e-02 6.076520820416139723e-02 -7.017729241766416937e-02 1.137828824437381878e-04 1.255909031134503639e-01 -1.919504516072920441e-01 2.119811002256834220e-01 -3.250851213574785592e-04 -1.108558798648810739e-02 2.084623171553066229e-02 -5.552210641274485381e-02 1.224413210951414582e-04 -2.456767937644283289e-03 -1.124512879735323559e-02 -2.048612481175256760e-03 -1.858020335184677534e-04 3.539512639000195332e-02 -3.838053307795626784e-02 4.426041858758971576e-02 -1.241824774097643341e-04 -4.019198321522255736e-03 -3.765990749907684003e-03 -8.543000157499270816e-03 3.225489853888880153e-05 4.909177056647841611e-03 -8.997298087922992599e-03 1.425023198590223868e-02 4.039692659454555356e-06 3.787472334972045995e-02 -5.395512702322632220e-02 4.105290315584789185e-02 -2.339497692160828239e-05 -9.097404973375723680e-03 1.490692334124657861e-02 -6.193630682623257498e-04 -5.694305039830060118e-06 -1.198929486285149615e-02 3.297991718884357541e-03 -2.483533698662836534e-02 1.520389990629282355e-04 -6.056168530365782510e-02 -4.802306398839680662e-02 -4.810135262747913809e-02 -8.083652047810781227e-02 1.650366472386714106e-02 -3.355639860267730853e-03 -3.372093064166414422e-03 -7.155588292182329599e-03 9.237079412482997881e-03 9.238632489090233685e-03
-2.659701318132576264e-01 -5.047842416142591659e-01 5.931356718300096961e-03 2.454197703447531947e-06 -6.325750944212338300e-02 6.968829551508237685e-01 1.423089073747299538e-02 -1.213393586406904265e-04 1.535252492577001138e-01 -1.469026470203930457e-01 -1.867249182886605852e-01 -1.308193956114658775e-04 -1.570611585644581323e-02 1.121471882001086051e-01 6.578079282497556468e-02 8.408595254125451033e-05 -8.625846348414076270e-02 5.683252596919396993e-02 -2.217953382915466981e-02 4.195633093984739442e-05 1.312560523619117903e-01 -1.318678010437043524e-01 1.724981559226214933e-01 -2.152702223467510274e-04 7.130186349254773702e-03 4.555603227126512993e-03 -1.533590425260545134e-02 7.796179534284421804e-05 -3.477952906992124501e-03 -6.280652411594753355e-03 8.271184459919674395e-03 -1.187138427610503447e-04 2.280839976211140180e-02 -2.131923010536089513e-02 2.355588526717939529e-02 -8.845838684013690814e-05 -2.791940015321506242e-04 -3.463726993166749667e-03 -3.591429811206760334e-03 5.484898686155075948e-06 2.962450646482835733e-03 -4.269310431645080908e-03 7.438224949241741858e-03 5.364422491899366241e-06 3.731427737713872983e-02 -3.269559943978000982e-02 3.123354251139892623e-02 1.516648896380054932e-06 -1.070740007790509443e-02 1.115878064959496992e-02 4.121931803994422806e-03 -3.979867665997904466e-06 -6.465504703331447292e-03 4.162083359671343722e-04 -1.317663744216286334e-02 8.181015923436835765e-05 5.723602011038014803e-02 5.897680779983873606e-02 5.894877223071478406e-02 -2.080024575100187373e-02 1.078726803191910194e-02 -1.911736078532691669e-03 -1.913867815300633298e-03 -3.138225497139194090e-03 4.604578216426286411e-03 4.602803916049978857e-03
7.920045772714523133e-03 1.085144125039865480e-02 2.538520212093974340e-02 -3.549167724307678854e-06 4.366459344569273426e-02 1.423089073747299538e-02 7.167746577383424800e-01 4.897199293070762837e-05 2.507200920049366677e-01 -2.877055718162014331e-01 -2.823075131937090587e-01 -1.717280465382909412e-04 9.008577518362204106e-02 9.203353391946009210e-02 3.794096267040546200e-02 2.933803252103327978e-05 -2.770398635588882871e-02 -2.838414950421432742e-02 -4.174635182388213017e-02 7.061096394309883406e-05 -2.436049433075564707e-01 3.182072721182845343e-01 -2.896668984213298104e-01 2.786070496703011269e-04 4.701940363177521676e-02 -1.416121255058233651e-03 8.337001819954305282e-02 -3.118387347900209209e-04 1.221991005374230277e-02 1.717096327090038982e-02 1.274370398976823644e-02 3.295837529298732260e-04 -5.827713410262314042e-02 5.156924555746339456e-02 -4.969963911784215649e-02 3.365079418158771268e-04 -1.099518882927124144e-02 4.598979426300530034e-03 -8.565047183208284592e-03 7.223407680272930178e-06 -4.881271496196069003e-03 8.930949594857556101e-03 -1.735012033028285588e-03 -3.483206471661502311e-05 -3.851434140209535756e-02 4.015576889720001014e-02 -2.645327025074536639e-02 -1.107336973542795042e-04 1.022144196323495485e-02 -2.072373248656354111e-02 -7.160364328898867134e-03 2.049242208061405752e-05 1.897293589327549851e-02 -9.412629304609766061e-04 3.187367979628379089e-02 -2.116823949397771002e-04 -5.896097861388423234e-02 2.808872131681084891e-02 2.803525375113761695e-02 -1.164972666398357559e-01 -1.034755574888883249e-02 1.357459726849019437e-03 1.321037764052431732e-03 8.999761989062299294e-03 -1.123363112531146520e-02 -1.116614128505513670e-02
3.831692175639870391e-05 5.276107316425790125e-05 -2.782798716968096254e-06 6.462503490716256516e-02 -2.898395034086611254e-04 -1.213393586406904265e-04 4.897199293070762837e-05 1.171641624938046800e+00 8.536408676541891026e-05 -9.013445761833126452e-05 -3.345862415068086358e-04 5.480784585379807616e-01 1.088190667031873964e-04 5.413993480794460561e-05 1.640787161407121985e-04 -3.847151628895690290e-01 -2.957753463149806732e-05 5.236386308118889471e-05 -1.859158896071321659e-04 -3.180442578040817425e-01 8.617716112012948433e-05 -9.320847412068942442e-05 2.450499022299658727e-04 3.687670522233645887e-01 -7.738674764658474579e-06 1.398283602437337052e-04 -1.558254323515353577e-04 -7.332966716296519805e-02 1.093003639610345603e-06 1.925783635141241687e-05 4.555201053733740779e-05 -2.622316965523347268e-02 -1.432547771927862232e-04 5.841154747377029120e-05 -8.067419993611409665e-04 -1.312720947810643302e-01 3.381602112868138112e-05 1.404718237833033219e-04 2.251788129778998756e-04 9.384939845188536300e-02 -7.329005146734867443e-06 5.377705124403677842e-06 -1.427437593479737943e-04 -6.466242969160826415e-02 1.830107755135543661e-05 -3.434165253136160859e-05 1.430204123008170459e-04 1.389515362688601430e-01 -4.378740172267792233e-05 5.546968922745389803e-05 3.638365013240210712e-06 8.473904208112222752e-03 3.548772253152243341e-05 -3.827122468983145824e-05 1.161671135501254529e-04 1.373460883978581959e-02 -9.404967892238115773e-05 -8.957444395442611118e-02 8.962653564479831914e-02 -7.845858942243296721e-05 4.831322902961309465e-05 -2.606684899960880555e-02 2.603545975733193713e-02 7.226160966144980127e-05 2.812537663109237335e-02 -2.821193553059916925e-02
-1.905481645664621956e-02 -3.923311895783204023e-02 -5.451074124253953851e-02 -2.194176280477909825e-05 1.188648856194418624e-01 1.535252492577001138e-01 2.507200920049366677e-01 8.536408676541891026e-05 7.222420831186391332e-01 -8.198576147510912293e-03 1.644449568547050322e-02 4.400752916229783601e-05 7.300450519666779048e-02 -3.526036588418722806e-01 8.330927551689468191e-02 1.329185413354506921e-05 -4.223976533606078887e-02 5.658254289330538062e-02 -1.061057460351735697e-02 -4.859899421785301526e-05 -4.364742048002698271e-02 -4.937351210029118642e-02 -6.636790213016305340e-02 -4.401792971054600546e-05 3.988780698519318185e-02 1.047744372493783320e-02 5.728236814484179845e-02 -1.408405844425601706e-04 -2.512549341914145640e-03 -5.945630055881083974e-03 -3.427916989054246438e-02 1.026670876468263453e-04 -1.293305710034725262e-02 8.841313608443942748e-03 -1.185857637392989834e-02 2.122940835601966960e-05 -7.669813583296307240e-03 -2.778419129411053342e-05 -9.971080593734502756e-03 3.499018681926284083e-05 1.864774609601591894e-03 3.223419743237506091e-04 1.435143362201640564e-02 -4.102966182461019402e-05 4.835793102559593493e-02 -4.748380125531726642e-02 4.402671149030096265e-02 1.606431121815820237e-05 -2.858144845650174848e-03 1.175819050706878796e-02 9.934902538150887363e-03 -8.759651095872655178e-06 5.647653137273415599e-03 6.287120902139252182e-04 1.077313316725488773e-02 -6.908509176950114407e-05 -5.420469477234629574e-02 4.082159057122150547e-02 4.079215439493252132e-02 2.994067384851342162e-01 6.472867842056686735e-03 7.907474779837040052e-04 7.971326942905147123e-04 3.381623309986835513e-03 -3.004333046958827108e-03 -3.010885812945282743e-03
4.728958879706776641e-02 6.879197846822127094e-02 3.445062745914977825e-02 1.449044876049568628e-05 -1.929421758692871081e-01 -1.469026470203930457e-01 -2.877055718162014331e-01 -9.013445761833126452e-05 -8.198576147510912293e-03 5.822950045173310718e-01 -6.469364357203698061e-03 -9.228174070445667624e-07 2.100871113135202861e-01 -4.396337232393310868e-01 1.666163074027029456e-01 4.283193741170517537e-05 -8.271589237362547350e-03 -1.675852236753755387e-02 -4.558324693959120433e-02 3.565978919236924971e-05 -3.264909047468918940e-02 -3.879425607612014409e-02 1.469230653191424575e-02 -3.197579225662174800e-05 -2.166358365656343571e-02 -4.167506284350579182e-03 -3.522397382024444051e-02 1.133926607574527146e-04 -2.862128007863411986e-03 -4.461405034245129186e-03 1.196105788152322831e-02 -1.002311986105064418e-04 1.198262169342364722e-02 -1.075999400008963332e-02 1.258193608940327314e-02 -3.203753984453720820e-05 -1.183098825740945201e-02 -3.428383360695730787e-03 -1.619653646309042808e-02 5.851742359852681562e-05 3.681196304013472677e-03 -2.906197119437401496e-03 1.766553871532426656e-02 -3.436533554171203742e-05 4.893397318988436384e-02 -4.111759483299945450e-02 4.544853488756337573e-02 -2.707088457407788259e-05 6.987918515948981536e-03 1.315534308214108463e-03 7.393605053477251415e-03 -1.412971627776131922e-05 -6.056151828099261107e-03 -8.048616460886893619e-05 -1.195304125973064083e-02 6.987143762342805115e-05 5.111261553264539320e-02 -3.881723691039549312e-02 -3.877714503789058548e-02 -1.833038070210896708e-01 1.629730351750746610e-03 4.132130848940752791e-04 4.063891256592194680e-04 -2.282752793950149853e-03 2.795030367460823485e-03 2.799022863067173687e-03
2.213065127441488523e-03 5.291251035256412660e-02 9.006016225856275891e-04 2.223635502342849728e-05 -2.142859933930414684e-01 -1.867249182886605852e-01 -2.823075131937090587e-01 -3.345862415068086358e-04 1.644449568547050322e-02 -6.469364357203698061e-03 5.740356517196779640e-01 -2.318082155339681015e-04 -3.319832054696865431e-02 1.275636875831157591e-01 2.102756067659415293e-02 -2.095654708298276168e-04 6.731842908598303921e-02 -3.610086337483448676e-02 6.984326130428703330e-03 1.152200343978340122e-04 5.826401347682344523e-02 6.000925286262000051e-03 6.229029777271997276e-02 1.148183449765448051e-04 -4.416369627071341925e-02 -1.356615072399038405e-02 -5.280917649673030206e-02 2.319718905950247077e-04 -6.136178471194859985e-04 3.685213682051808812e-03 2.022920241234823710e-02 -1.754690064560453168e-04 1.656018269731008088e-02 -9.808298536042326862e-03 1.073062219785667765e-02 -9.052991045950654718e-05 4.018836175706190506e-03 6.398950953514149402e-04 2.010419464188839111e-03 -5.903953478613820619e-05 -1.714776576306571145e-03 6.662135299159592300e-04 -1.477187383778804991e-03 4.544340003536955408e-05 -2.921046588474119493e-02 2.332360269789924417e-02 -1.189840069843560964e-02 1.500363718191538501e-05 3.043688207537030219e-03 -8.014621166949020131e-03 -5.519292194096351266e-03 -1.314627584098020119e-06 -7.260689141351128577e-03 -1.213747404122230734e-03 -1.189695358676530999e-02 7.879507110843656957e-05 2.609716629972755331e-02 -3.231709617615394214e-02 -3.239411154290676442e-02 5.069606847709787756e-01 -2.903599617898727607e-03 -3.066092071208881536e-04 -2.999432496390819734e-04 -2.983460519931463179e-03 2.925249524004926681e-03 2.904762359767810130e-03
1.209677540580899650e-05 3.841693313641772413e-05 1.461423772516544939e-05 -6.508544536411070558e-02 -1.835112550388095956e-04 -1.308193956114658775e-04 -1.717280465382909412e-04 5.480784585379807616e-01 4.400752916229783601e-05 -9.228174070445667624e-07 -2.318082155339681015e-04 9.517876292222481327e-01 -5.422248333482459375e-05 2.992439127384068290e-05 -4.614722792907270768e-05 5.014007936372286700e-01 -2.134296095403116834e-05 6.454745789538702985e-05 -3.173704882439203019e-05 -2.096351089770368825e-01 -1.892349472204413833e-05 6.155989318000227445e-07 -1.192099895584543468e-04 -2.866640920394398218e-01 1.234723531531759629e-05 3.152570845150751621e-04 -3.411637108518830665e-04 -1.191410696676998282e-01 -3.423287557138821307e-05 -3.662738298249921089e-04 2.599534616933358482e-04 1.308637423693584934e-01 1.469876392780206640e-04 -1.597641039824335412e-04 5.442958483057368322e-04 8.474240968726526324e-02 -1.834725816661804664e-05 2.304223241317792346e-04 2.513019663126067529e-04 9.544350698356665608e-02 1.668594941571395135e-05 -2.491549429113466786e-04 -1.851878012980684668e-04 -7.382210018357010517e-02 -4.975639310460035382e-05 1.069971255722522854e-05 -2.219171870816280583e-05 -1.191563236730496141e-02 -2.288733665007759921e-05 4.703817271482103456e-05 2.718016531197253643e-05 7.233867240695876152e-03 -4.289416941465127968e-05 5.291356340631665801e-06 -7.185154606519735985e-05 -7.914491098231371882e-03 -5.989292773997140912e-05 -1.118150110381473522e-01 1.118424053816552965e-01 1.453312568447944918e-04 -9.812250903789095411e-06 1.288142806405052909e-03 -1.270005447621011920e-03 -2.427008975756240526e-05 -1.785051088439781539e-02 1.790385736328296840e-02
1.040998057569730677e-02 1.797277727075088580e-02 1.011933478258037963e-02 4.675357700157818788e-06 6.988839147924393036e-02 -1.570611585644581323e-02 9.008577518362204106e-02 1.088190667031873964e-04 7.300450519666779048e-02 2.100871113135202861e-01 -3.319832054696865431e-02 -5.422248333482459375e-05 1.285086065458459936e+00 5.545222813740228185e-01 4.132398043718669700e-01 -1.720520828654969201e-05 7.642103275043543587e-02 4.654894693245931192e-02 1.974847641352438510e-01 -8.875901068775556653e-05 3.272248114455612866e-02 5.945158941351324361e-02 -5.208193110954388583e-02 1.883011020815580081e-05 1.952794192944055235e-02 1.242142311958674590e-02 3.467022352803780100e-02 -1.494549095879176904e-04 6.629278672953728066e-03 3.119806254899448045e-03 -1.730840626446471242e-02 1.347274317946970431e-04 -1.802556480172175929e-02 6.538467559379222693e-03 -1.391276806122137936e-02 7.642424333354382439e-05 2.723114873485259560e-02 1.193907232118846407e-03 4.174047509649712190e-02 -1.219210622442681304e-04 -2.449965208314869715e-04 -2.778248642029656958e-03 -3.614673164710220654e-02 1.040791660348074348e-04 -3.787854070913587723e-02 1.753177754238477437e-02 -8.161789945483820252e-02 -6.803790448796690447e-05 -2.025412715485684287e-02 1.159392574742738879e-02 -1.429368865619450729e-02 3.628621153919832641e-05 8.431756950012190763e-03 1.383558126134081488e-03 1.568658618905006269e-02 -9.316968206720477395e-05 -1.109222544418489269e-02 4.339070035502288168e-03 4.355596511487300204e-03 -8.540710994496443498e-02 8.098831528783665204e-03 -2.403792428911845792e-03 -2.442267874061899383e-03 8.197523067509399509e-04 -2.053744548726760787e-03 -2.049329036698560765e-03
-6.558362350819080255e-02 -1.014909511617438365e-01 -1.079805121852544375e-02 -1.034366527426511939e-05 1.443846349175923194e-01 1.121471882001086051e-01 9.203353391946009210e-02 5.413993480794460561e-05 -3.526036588418722806e-01 -4.396337232393310868e-01 1.275636875831157591e-01 2.992439127384068290e-05 5.545222813740228185e-01 1.113333491519819418e+00 2.886239290022395987e-01 7.372494878684852633e-05 3.855629215635973227e-03 4.180634053278994844e-02 1.794778198499365185e-04 7.056563580688530318e-05 1.235110891981023168e-01 8.562676807109947941e-02 6.342210022287614324e-02 -1.765544863511812627e-05 -2.048504335782478508e-02 4.783889796218665914e-04 -2.323580882917016324e-02 -2.198657511944054159e-05 8.740163568903750943e-03 1.261040810662000453e-02 1.830746940543211479e-02 5.017712447968304207e-05 -1.520108928838381475e-03 4.854636997601618673e-04 -5.208470012716177622e-05 6.659739351768797166e-05 1.007750791895538345e-02 2.510729166268726390e-03 1.150730561705829227e-02 -3.574210910561912926e-05 -3.459354168325778217e-03 1.630266051963770099e-03 -1.073378660092538274e-02 2.283404965788581717e-05 -7.207482912413155918e-02 3.905839887583074932e-02 -5.043856775919949853e-02 -4.592736809781809818e-05 -1.068856476591083411e-02 -1.055877137300731405e-02 -1.532630064637625911e-02 3.270536677553821718e-05 1.045968955968130595e-04 -1.818498661553116856e-04 -2.694625617091750934e-04 8.757912662277770286e-07 -1.973805503041071996e-02 2.716579952504246526e-02 2.715622452211336260e-02 6.772030550172292163e-02 3.554697357617838446e-03 -4.889405629624495839e-05 -5.566905069482531629e-05 -1.304042942447110201e-03 4.783817619772736491e-04 5.012970254038977844e-04
-5.405062269729340833e-03 -1.754302377779973221e-02 1.263442322857029863e-02 9.674001735678298568e-07 1.379780346866839313e-01 6.578079282497556468e-02 3.794096267040546200e-02 1.640787161407121985e-04 8.330927551689468191e-02 1.666163074027029456e-01 2.102756067659415293e-02 -4.614722792907270768e-05 4.132398043718669700e-01 2.886239290022395987e-01 9.045257205110095455e-01 -4.380187993673508899e-06 -3.333202296259363262e-01 -6.505971360501699996e-02 -5.039908982791926340e-01 2.097331733871466060e-04 6.493455309285632582e-02 1.133764806870801167e-01 5.990905196718633585e-02 -4.198225158098358192e-06 -5.753967826654496354e-02 -1.405783637096242635e-02 -7.048143048348790018e-02 1.738942030018686167e-05 9.236595206733871563e-03 2.098252078859260197e-02 5.219511759413400509e-02 6.143698571082268397e-05 -3.291844486171138329e-04 3.815109581537100714e-03 -2.027275867792829986e-04 1.088742204141996295e-04 -5.950962161017718521e-02 -6.698986387531850016e-03 -7.371941348899045676e-02 2.917850250880933043e-04 2.716898142481511107e-03 1.382016037366654926e-03 4.922677882001831595e-02 -1.959762047326041561e-04 3.217530313874739784e-02 -3.019768987994399245e-02 7.898947225525292104e-02 -2.353437391897724476e-05 2.323221522253016147e-02 -4.044111843813930074e-02 -1.105404255090717061e-02 1.849174937991453978e-05 -6.974968367400021657e-03 -2.634640635908069850e-03 -1.357844409753487802e-02 7.201569206720368258e-05 1.010955556134050500e-04 6.413637547369676305e-03 6.461221553021371383e-03 -1.011763493509663520e-01 1.816486663783025693e-03 -1.757038877456615225e-03 -1.758674601064787570e-03 -4.036889318095105480e-04 -5.616027277613327724e-04 -5.199168201147313755e-04
-3.039522268738634929e-05 -5.243127353434684528e-05 5.089601166466631445e-07 1.950617972684867696e-02 2.007871956040497630e-04 8.408595254125451033e-05 2.933803252103327978e-05 -3.847151628895690290e-01 1.329185413354506921e-05 4.283193741170517537e-05 -2.095654708298276168e-04 5.014007936372286700e-01 -1.720520828654969201e-05 7.372494878684852633e-05 -4.380187993673508899e-06 1.098566545513915749e+00 -7.384424951827821097e-05 -2.796659488728069467e-05 1.109523273756799546e-04 4.465261188830185746e-01 -6.459427851368006700e-05 5.230972919157331051e-05 -1.646985689739719014e-04 -2.127963434022319411e-01 -5.484924347672877836e-05 -7.144737559916922089e-05 6.682499746127986871e-05 3.066795648190348816e-03 -1.090317091699902922e-06 7.055519819130146909e-05 -7.730847692998816373e-05 1.316661392421133309e-02 1.240589965015216774e-04 5.550639540916070921e-05 6.218932276977811929e-04 1.138299279379463153e-01 -9.386405485516951413e-05 -1.479999220531790112e-04 -3.048259932147940970e-04 -1.119410616145680992e-01 -3.518799413990419080e-06 1.032769278683473330e-04 2.592418552405277099e-04 1.005681701416272084e-01 5.303234724536328543e-05 2.383113002071260505e-06 -2.422755998920193810e-04 -2.604166118611385139e-01 4.115132946102845884e-05 -5.736155578903104487e-05 5.086047254901689214e-06 -8.545541711491197803e-03 2.681196151433271714e-06 1.346754918251966416e-05 -7.164239005478462533e-06 -6.397201932096159734e-03 5.828721468181968405e-05 6.913931292082546587e-02 -6.917272869798769819e-02 -2.066243348383961311e-05 -7.051286868172997448e-05 4.335100728609345144e-02 -4.328957289030405109e-02 -2.663130184974367600e-05 -2.194601725405002923e-02 2.196530704212464047e-02
3.500755796344056509e-02 6.840428160775537114e-02 -9.133371956820129575e-03 5.735692433036709523e-06 -6.666905326301592050e-02 -8.625846348414076270e-02 -2.770398635588882871e-02 -2.957753463149806732e-05 -4.223976533606078887e-02 -8.271589237362547350e-03 6.731842908598303921e-02 -2.134296095403116834e-05 7.642103275043543587e-02 3.855629215635973227e-03 -3.333202296259363262e-01 -7.384424951827821097e-05 7.394493072132864997e-01 1.758722891352573758e-02 2.486041095760075856e-02 -6.643406898788790147e-06 1.391712232739648614e-01 2.854736552651366832e-01 8.812145087095987761e-02 3.148987280025133273e-05 -2.322569524860513060e-02 -3.084812888413744278e-02 -3.221433518707091798e-02 6.254787217820115773e-05 1.193680893189533708e-02 3.282184194125843668e-02 5.936259337425305732e-02 4.354790939482909557e-05 -2.125881378095753615e-02 -5.211306149356627511e-03 -2.267696227326143274e-02 1.653982037384613547e-04 -1.830812658299476106e-02 1.535401263219777872e-02 -3.542247679684393941e-02 6.870678638219514960e-05 7.932696311476849019e-03 -1.527944536548148796e-02 6.492295378176256293e-02 -9.726595641790060430e-05 1.209701996891432707e-01 -2.241218466988272318e-01 1.938396917754512117e-01 -1.126466124475026165e-04 -1.337537592267104038e-02 4.265180598140321661e-02 -2.614895046410700002e-02 2.577239690513270892e-05 3.515589733905177903e-03 -1.177068717519032335e-03 4.695730157844013423e-03 -4.301195741395926863e-05 -1.086167236771934212e-02 -5.334912495499066938e-03 -5.358230505288570818e-03 8.821351080476887152e-02 6.713447188998598880e-02 -2.200987783402698350e-02 -2.213309521712007732e-02 -3.084480746215116295e-03 -1.833075896116476795e-03 -1.800314270641132025e-03
-4.614695802227878479e-02 -6.890339743524981353e-02 2.158547496166300563e-03 -1.605920035609090266e-06 6.076520820416139723e-02 5.683252596919396993e-02 -2.838414950421432742e-02 5.236386308118889471e-05 5.658254289330538062e-02 -1.675852236753755387e-02 -3.610086337483448676e-02 6.454745789538702985e-05 4.654894693245931192e-02 4.180634053278994844e-02 -6.505971360501699996e-02 -2.796659488728069467e-05 1.758722891352573758e-02 6.015945748553849226e-01 2.783937302456863938e-02 -9.491614146775352449e-05 -2.442126911759420760e-01 -3.874905681749360453e-01 -1.184389459385883220e-01 -1.540488790953355343e-04 4.036506022890457013e-02 2.716081580044201957e-02 4.578390434850716784e-02 5.556944035898651844e-06 -2.185078554318619845e-02 -4.584848304771017846e-02 -6.199417818225753246e-02 -1.304673959751382001e-04 7.226080429005668840e-03 -2.336014737695514196e-02 1.506116920944869202e-02 -9.779245871491663877e-05 -1.265874363665886286e-02 1.117494005165726480e-03 -3.318632051143220046e-02 7.595920800773669525e-05 1.233218528039277395e-02 -1.629951727685557267e-02 6.844355427420030502e-02 -9.642025971001303211e-05 2.393312287461472065e-01 -2.799212377110772421e-01 2.610048455151955382e-01 -3.227393419968760646e-05 -4.909255930814894475e-02 7.721942381163525437e-02 3.839706671767360077e-03 2.434148493889540192e-06 -2.830923575245414183e-03 2.411246789329708935e-03 -6.115531888725208448e-03 3.194407975474282640e-05 1.704036957865348936e-02 -8.062365596870933260e-04 -7.706053521872583594e-04 -6.050729200783014697e-03 7.776782061151814307e-02 -2.547901248329953808e-02 -2.555831320614214072e-02 -1.165749978305480892e-03 2.720195582473887604e-03 2.697163101876322733e-03
-8.000631689247335657e-03 -7.227906282504263126e-03 2.688063512779641749e-03 2.027084952408017922e-07 -7.017729241766416937e-02 -2.217953382915466981e-02 -4.174635182388213017e-02 -1.859158896071321659e-04 -1.061057460351735697e-02 -4.558324693959120433e-02 6.984326130428703330e-03 -3.173704882439203019e-05 1.974847641352438510e-01 1.794778198499365185e-04 -5.039908982791926340e-01 1.109523273756799546e-04 2.486041095760075856e-02 2.783937302456863938e-02 6.000048237686584907e-01 4.102895928904388533e-05 -1.105510911621755826e-01 -1.944319798169223956e-01 -2.288361197236580061e-02 1.022552128902482117e-04 4.214947635211586247e-02 1.660132106911909114e-02 3.827861630296981038e-02 2.003019506249775655e-05 -1.570370896713865413e-02 -2.325172929185443868e-02 -2.504275825858242807e-02 -1.571986489206808027e-04 3.211181262390813002e-02 4.020914308835474120e-03 2.864692493886432031e-02 -2.248888509767752039e-04 4.709700874061124171e-02 -9.958095213410977399e-04 4.992334556496141190e-02 -1.774554438981802045e-04 -1.725689890986150873e-02 1.869159192067110578e-02 -4.287806481344558218e-02 6.003092404702419329e-05 -1.638735360708879762e-01 2.185513794539157006e-01 -1.457496175946587924e-01 2.243947178537741382e-04 -5.199120956927109384e-03 -2.518490047656957512e-02 5.687862396221371811e-03 -2.727120894568061939e-05 -3.557326253803397547e-03 8.483723416887801495e-05 -6.585581126739622343e-03 5.502217472785321474e-05 1.279619590899970169e-02 -6.700392656309409056e-03 -6.744865337772497534e-03 9.053971050361640793e-02 -4.117317588003285150e-02 4.892658004106709146e-03 5.009426131782953456e-03 2.269165092116914428e-03 2.603619639424693908e-03 2.567653248537645361e-03
-2.036800736536640611e-05 -3.124445484926531574e-05 -6.606216996778626341e-06 9.067175708666027137e-03 1.137828824437381878e-04 4.195633093984739442e-05 7.061096394309883406e-05 -3.180442578040817425e-01 -4.859899421785301526e-05 3.565978919236924971e-05 1.152200343978340122e-04 -2.096351089770368825e-01 -8.875901068775556653e-05 7.056563580688530318e-05 2.097331733871466060e-04 4.465261188830185746e-01 -6.643406898788790147e-06 -9.491614146775352449e-05 4.102895928904388533e-05 9.115016059724858621e-01 5.810919578284870268e-05 4.963084472024164207e-05 2.041618988221061658e-04 4.351861044486077246e-01 -7.339284336686482035e-05 -1.625356299363841172e-04 1.363473507459291142e-04 3.243150223314954228e-02 3.663780588825022485e-05 2.664404635196692653e-04 -1.027420341982946002e-04 -1.128131456220124451e-01 -2.690846957049948616e-04 6.661397948545158922e-05 -1.083708137332169141e-03 -1.721592230341577878e-01 -5.711775520872117048e-05 -1.558901173088548229e-04 -1.850896044174832290e-04 -7.877945199412098032e-02 1.976199789575756546e-05 1.195117298015640583e-04 3.747111450599705587e-06 3.148459215409218719e-04 2.678145887307547269e-05 -6.383985899999442275e-05 3.358002599860407562e-04 3.188458879571685611e-01 3.620170231186903525e-05 -2.332196721685878907e-05 -5.085399148143492640e-05 -6.244634468296024477e-02 1.014981181517994298e-04 -7.283929890858613212e-06 2.197859318226466423e-04 2.190870736290535109e-02 2.708294031052021908e-05 5.627383140274951762e-02 -5.628587101256373598e-02 -4.961919034556694548e-05 1.211962717435433132e-04 -6.182633068868252646e-02 6.168504434677432591e-02 4.408129590306881227e-05 3.722944046030687154e-02 -3.731479611378805267e-02
-1.239609129809718380e-02 -3.585737064496968829e-02 3.677212067542851709e-02 -1.995205415663002489e-05 1.255909031134503639e-01 1.312560523619117903e-01 -2.436049433075564707e-01 8.617716112012948433e-05 -4.364742048002698271e-02 -3.264909047468918940e-02 5.826401347682344523e-02 -1.892349472204413833e-05 3.272248114455612866e-02 1.235110891981023168e-01 6.493455309285632582e-02 -6.459427851368006700e-05 1.391712232739648614e-01 -2.442126911759420760e-01 -1.105510911621755826e-01 5.810919578284870268e-05 7.665458560987560288e-01 -3.463564924566319564e-02 -5.383218365208793793e-02 -8.028014263268099958e-05 1.521677547167290812e-01 5.709963113041580107e-02 2.935658032586362376e-01 -6.061393589963164031e-04 1.737834402059707309e-02 1.856677250837081945e-03 -2.180159617624455315e-01 5.937072079410977846e-04 -5.543623110577311497e-02 4.386462635231905965e-02 -8.224111010475923522e-02 -4.274368516966269260e-05 -2.741103889710360189e-02 2.009248218804120939e-02 -2.076232111922284712e-02 -2.701271135924873288e-05 -6.536006469811898173e-03 2.275824761258022841e-03 4.826911395606891565e-03 1.975348505433965603e-05 -1.716635945006619521e-02 5.852589939007381281e-02 -2.791971098708903327e-03 1.255489771904772021e-04 2.667906282425330441e-02 -5.043825185578895698e-02 -1.062977540193090452e-02 5.708914683708668096e-06 3.074342901395896166e-02 2.769609132023506844e-03 6.691740305824647739e-02 -4.152851873166632036e-04 5.970767053072165154e-02 -1.665990942498777813e-02 -1.656223255987334178e-02 6.759906892100510378e-02 -1.759880281444320058e-02 2.939037844301112777e-03 3.007628877336963533e-03 1.650487487018509683e-02 -1.552957267491886055e-02 -1.562710464182326744e-02
4.454642881302489643e-02 6.913321536965993941e-02 -2.811692321814191278e-02 1.546361217265698179e-05 -1.919504516072920441e-01 -1.318678010437043524e-01 3.182072721182845343e-01 -9.320847412068942442e-05 -4.937351210029118642e-02 -3.879425607612014409e-02 6.000925286262000051e-03 6.155989318000227445e-07 5.945158941351324361e-02 8.562676807109947941e-02 1.133764806870801167e-01 5.230972919157331051e-05 2.854736552651366832e-01 -3.874905681749360453e-01 -1.944319798169223956e-01 4.963084472024164207e-05 -3.463564924566319564e-02 6.696385656648504714e-01 2.132279166912010374e-02 -5.116454476645664082e-06 -8.849198972044700073e-02 -4.082351889861627649e-03 -1.402077348791429812e-01 2.471789691738621468e-05 3.698171241878566579e-02 2.958166908453292374e-02 8.784575384437126599e-02 7.125968050786333358e-05 -1.020162480362635064e-02 8.947192433354626134e-03 1.376215877085877615e-02 1.895409948783208709e-04 -2.532844350263393357e-02 4.088786521737049033e-03 -3.185218452788218108e-02 2.050418628731637261e-04 -1.453471953979735502e-03 -5.169361791074339203e-04 1.069066078617661453e-02 -1.342767837054453068e-04 -7.212679537851025835e-02 8.560105933066422534e-02 -2.050114966087194721e-02 -1.782633316452551399e-05 5.312381565275262063e-02 -7.836001716233036152e-02 -2.560459295377200822e-02 1.001238533100752112e-05 -7.564169291629254527e-03 2.362307903827054554e-03 -2.160570162643916936e-02 1.284733636214981881e-04 -7.475697064745748244e-02 2.490945281600037697e-02 2.480470562629745468e-02 -4.358295822345197718e-02 -2.732416107623040005e-02 4.095054522215654282e-03 4.121531329725384475e-03 -5.261035566092774063e-03 3.967275849129409289e-03 4.028239764874151294e-03
-1.340088010574590205e-02 -3.714522598190959229e-02 2.203227571193972986e-02 -2.922542185404020741e-05 2.119811002256834220e-01 1.724981559226214933e-01 -2.896668984213298104e-01 2.450499022299658727e-04 -6.636790213016305340e-02 1.469230653191424575e-02 6.229029777271997276e-02 -1.192099895584543468e-04 -5.208193110954388583e-02 6.342210022287614324e-02 5.990905196718633585e-02 -1.646985689739719014e-04 8.812145087095987761e-02 -1.184389459385883220e-01 -2.288361197236580061e-02 2.041618988221061658e-04 -5.383218365208793793e-02 2.132279166912010374e-02 6.244370486666234177e-01 4.045527789142990254e-04 -2.674126979588903330e-01 -9.581400008180296357e-02 -3.888316132602432917e-01 9.835664122771353452e-04 -7.468339830951538534e-03 2.395284257694687419e-02 2.181390368745226571e-01 -7.355105413661881895e-04 8.622837147100223532e-02 -5.310271989606563103e-02 7.751675805514353368e-02 -1.455028368465488618e-04 1.222184112777208870e-02 -2.068928602129920663e-02 1.136398847209829443e-04 1.357875569260742777e-05 4.785649735676199973e-03 -9.221282145377319040e-04 2.354447379378107452e-03 1.484864714822813048e-05 9.985180063694726327e-03 3.694242162875800879e-03 1.198850835153149851e-02 -1.584118693613079435e-04 9.621829115097468160e-03 -1.793878842520202008e-02 -3.516801362936815972e-03 -4.156875329118282791e-06 -4.359930689057170405e-02 -8.550811807550955101e-03 -7.721309046175869883e-02 4.900023724467034852e-04 6.230458658600358107e-02 -1.170191829155186290e-02 -1.156431716851864973e-02 7.079136647628481160e-02 -3.928666361589719033e-03 -7.113476454475670075e-05 -1.141575607621222278e-04 -1.825621215459951804e-02 1.523873400813645189e-02 1.527756761334024722e-02
